0 0.91875 0.603125 0.1609375 0.3203125
0 0.334375 0.8 0.05625 0.0625
0 0.309375 0.50625 0.215625 0.275
0 0.084375 0.815625 0.053125 0.0671875
0 0.1140625 0.66875 0.0734375 0.11875
0 0.175 0.7375 0.0875 0.0515625
0 0.33125 0.6875 0.0609375 0.053125
0 0.5296875 0.646875 0.0578125 0.0296875
0 0.584375 0.690625 0.0625 0.059375
0 0.86875 0.60625 0.0671875 0.0875
0 0.96875 0.596875 0.0625 0.1046875
0 0.9484375 0.6984375 0.065625 0.0703125
0 0.6546875 0.696875 0.0625 0.0578125
0 0.453125 0.60625 0.0453125 0.1
